    0.1      1.5114E+01
    0.2      1.5095E+01
    0.3      1.5064E+01
    0.4      1.5021E+01
    0.5      1.4966E+01
    0.6      1.4899E+01
    0.7      1.4820E+01
    0.8      1.4730E+01
    0.9      1.4630E+01
    1.0      1.4519E+01
    2.0      1.2935E+01
    3.0      1.0862E+01
    4.0      8.7638E+00
    5.0      6.9129E+00
    6.0      5.4020E+00
    7.0      4.2194E+00
    8.0      3.3123E+00
    9.0      2.6215E+00
   10.0      2.0950E+00
   11.0      1.6915E+00
   12.0      1.3798E+00
   13.0      1.1369E+00
   14.0      9.4562E-01
   15.0      7.9360E-01
   16.0      6.7161E-01
   17.0      5.7282E-01
   18.0      4.9210E-01
   19.0      4.2561E-01
   20.0      3.7040E-01
   21.0      3.2424E-01
   22.0      2.8536E-01
   23.0      2.5242E-01
   24.0      2.2433E-01
   25.0      2.0024E-01
   26.0      1.7948E-01
   27.0      1.6149E-01
   28.0      1.4583E-01
   29.0      1.3214E-01
   30.0      1.2012E-01
   31.0      1.0953E-01
   32.0      1.0016E-01
   33.0      9.1835E-02
   34.0      8.4421E-02
   35.0      7.7795E-02
   36.0      7.1856E-02
   37.0      6.6517E-02
   38.0      6.1704E-02
   39.0      5.7354E-02
   40.0      5.3413E-02
   41.0      4.9834E-02
   42.0      4.6576E-02
   43.0      4.3604E-02
   44.0      4.0888E-02
   45.0      3.8400E-02
   46.0      3.6117E-02
   47.0      3.4018E-02
   48.0      3.2085E-02
   49.0      3.0302E-02
   50.0      2.8654E-02
   51.0      2.7130E-02
   52.0      2.5717E-02
   53.0      2.4405E-02
   54.0      2.3186E-02
   55.0      2.2052E-02
   56.0      2.0994E-02
   57.0      2.0008E-02
   58.0      1.9086E-02
   59.0      1.8224E-02
   60.0      1.7417E-02
   61.0      1.6661E-02
   62.0      1.5951E-02
   63.0      1.5284E-02
   64.0      1.4657E-02
   65.0      1.4067E-02
   66.0      1.3511E-02
   67.0      1.2987E-02
   68.0      1.2492E-02
   69.0      1.2025E-02
   70.0      1.1583E-02
   71.0      1.1166E-02
   72.0      1.0770E-02
   73.0      1.0395E-02
   74.0      1.0040E-02
   75.0      9.7025E-03
   76.0      9.3823E-03
   77.0      9.0780E-03
   78.0      8.7886E-03
   79.0      8.5134E-03
   80.0      8.2513E-03
   81.0      8.0017E-03
   82.0      7.7637E-03
   83.0      7.5368E-03
   84.0      7.3203E-03
   85.0      7.1136E-03
   86.0      6.9161E-03
   87.0      6.7274E-03
   88.0      6.5469E-03
   89.0      6.3743E-03
   90.0      6.2091E-03
   91.0      6.0509E-03
   92.0      5.8993E-03
   93.0      5.7540E-03
   94.0      5.6148E-03
   95.0      5.4812E-03
   96.0      5.3530E-03
   97.0      5.2300E-03
   98.0      5.1119E-03
   99.0      4.9984E-03
  100.0      4.8894E-03
  101.0      4.7845E-03
  102.0      4.6837E-03
  103.0      4.5868E-03
  104.0      4.4935E-03
  105.0      4.4037E-03
  106.0      4.3173E-03
  107.0      4.2341E-03
  108.0      4.1539E-03
  109.0      4.0767E-03
  110.0      4.0023E-03
  111.0      3.9305E-03
  112.0      3.8614E-03
  113.0      3.7947E-03
  114.0      3.7303E-03
  115.0      3.6683E-03
  116.0      3.6084E-03
  117.0      3.5507E-03
  118.0      3.4949E-03
  119.0      3.4411E-03
  120.0      3.3891E-03
  121.0      3.3390E-03
  122.0      3.2906E-03
  123.0      3.2438E-03
  124.0      3.1987E-03
  125.0      3.1551E-03
  126.0      3.1129E-03
  127.0      3.0723E-03
  128.0      3.0330E-03
  129.0      2.9951E-03
  130.0      2.9584E-03
  131.0      2.9231E-03
  132.0      2.8889E-03
  133.0      2.8559E-03
  134.0      2.8241E-03
  135.0      2.7934E-03
  136.0      2.7637E-03
  137.0      2.7351E-03
  138.0      2.7075E-03
  139.0      2.6808E-03
  140.0      2.6551E-03
  141.0      2.6304E-03
  142.0      2.6065E-03
  143.0      2.5835E-03
  144.0      2.5614E-03
  145.0      2.5401E-03
  146.0      2.5196E-03
  147.0      2.4998E-03
  148.0      2.4809E-03
  149.0      2.4627E-03
  150.0      2.4452E-03
  151.0      2.4285E-03
  152.0      2.4125E-03
  153.0      2.3971E-03
  154.0      2.3824E-03
  155.0      2.3684E-03
  156.0      2.3550E-03
  157.0      2.3422E-03
  158.0      2.3301E-03
  159.0      2.3186E-03
  160.0      2.3077E-03
  161.0      2.2973E-03
  162.0      2.2876E-03
  163.0      2.2784E-03
  164.0      2.2698E-03
  165.0      2.2618E-03
  166.0      2.2543E-03
  167.0      2.2473E-03
  168.0      2.2409E-03
  169.0      2.2350E-03
  170.0      2.2296E-03
  171.0      2.2248E-03
  172.0      2.2205E-03
  173.0      2.2167E-03
  174.0      2.2134E-03
  175.0      2.2107E-03
  176.0      2.2084E-03
  177.0      2.2066E-03
  178.0      2.2054E-03
  179.0      2.2046E-03
  180.0      2.2044E-03