\begin_header
EXAMPLE FILTERED AC-9 DATA FILE showing the Hydrolight Standard Format for ac-9 data.
(These data were obtained in conjunction with files AC9_total.txt and Hydroscat6.txt.)
The absorption values of this file are used by Hydrolight to model CDOM absorption when the option of having a filtered ac-9 is selected in the front end; 
the c values are not used.  Pure water values were subtracted out when processing the raw data.
The original data were binned in 0.5 m depth bins starting with the first recorded depth; the depths shown are the average depth of the data in each bin.
Column headers (depth in m; and and c in 1/m):   
   depth    a412        a440        a488        a510        a532        a555        a650        a676        a715        c412        c440        c488        c510        c532        c555        c650        c676        c715                         
The first data record gives the number of wavelengths and the wavelengths.
Flag the end of file with a negative depth or an end of file.
\end_header
   9  412.0  440.0  488.0  510.0  532.0  555.0  650.0  676.0  715.0
   1.588   2.492E-01   1.608E-01   8.194E-02   6.758E-02   5.468E-02   4.656E-02   2.640E-02   2.223E-02   0.000E+00   8.100E-01   7.301E-01   6.314E-01   6.073E-01   5.839E-01   5.980E-01   5.430E-01   5.502E-01   5.261E-01
   2.092   2.470E-01   1.594E-01   8.131E-02   6.683E-02   5.444E-02   4.633E-02   2.662E-02   2.215E-02   0.000E+00   7.200E-01   6.377E-01   5.429E-01   5.208E-01   5.021E-01   5.077E-01   4.655E-01   4.652E-01   4.402E-01
   2.591   2.467E-01   1.592E-01   8.096E-02   6.652E-02   5.342E-02   4.530E-02   2.604E-02   2.182E-02   0.000E+00   7.337E-01   6.428E-01   5.540E-01   5.310E-01   5.124E-01   5.061E-01   4.636E-01   4.696E-01   4.400E-01
   3.093   2.472E-01   1.597E-01   8.106E-02   6.684E-02   5.371E-02   4.539E-02   2.614E-02   2.205E-02   0.000E+00   7.571E-01   6.691E-01   5.757E-01   5.517E-01   5.303E-01   5.210E-01   4.743E-01   4.834E-01   4.551E-01
   3.588   2.475E-01   1.598E-01   8.109E-02   6.679E-02   5.446E-02   4.513E-02   2.622E-02   2.239E-02   0.000E+00   7.617E-01   6.768E-01   5.805E-01   5.577E-01   5.375E-01   5.155E-01   4.787E-01   4.913E-01   4.625E-01
   4.098   2.476E-01   1.597E-01   8.094E-02   6.675E-02   5.505E-02   4.564E-02   2.650E-02   2.171E-02   0.000E+00   7.319E-01   6.426E-01   5.513E-01   5.293E-01   5.147E-01   4.927E-01   4.620E-01   4.642E-01   4.359E-01
   4.588   2.494E-01   1.606E-01   8.182E-02   6.748E-02   5.418E-02   4.584E-02   2.663E-02   2.097E-02   0.000E+00   7.387E-01   6.496E-01   5.570E-01   5.332E-01   5.139E-01   4.977E-01   4.613E-01   4.671E-01   4.389E-01
   5.099   2.482E-01   1.594E-01   8.062E-02   6.499E-02   5.347E-02   4.369E-02   2.268E-02   2.236E-02   0.000E+00   8.034E-01   7.141E-01   6.175E-01   5.940E-01   5.714E-01   5.571E-01   5.214E-01   5.346E-01   5.052E-01
   5.589   2.561E-01   1.662E-01   8.645E-02   7.160E-02   5.858E-02   4.899E-02   2.936E-02   2.923E-02   0.000E+00   7.821E-01   6.883E-01   5.968E-01   5.748E-01   5.525E-01   5.408E-01   5.029E-01   5.150E-01   4.852E-01
   6.091   2.607E-01   1.714E-01   9.097E-02   7.574E-02   6.174E-02   5.352E-02   3.697E-02   3.124E-02   0.000E+00   7.971E-01   7.137E-01   6.222E-01   5.962E-01   5.725E-01   5.667E-01   5.250E-01   5.372E-01   5.094E-01
   6.593   2.605E-01   1.699E-01   8.904E-02   7.456E-02   6.035E-02   5.343E-02   3.475E-02   2.604E-02   0.000E+00   8.402E-01   7.510E-01   6.539E-01   6.279E-01   6.043E-01   6.051E-01   5.558E-01   5.591E-01   5.321E-01
   7.099   2.604E-01   1.695E-01   8.849E-02   7.348E-02   6.047E-02   5.226E-02   3.176E-02   2.502E-02   0.000E+00   9.121E-01   8.152E-01   7.138E-01   6.880E-01   6.664E-01   6.699E-01   6.135E-01   6.139E-01   5.841E-01
   7.597   2.630E-01   1.710E-01   8.862E-02   7.356E-02   6.028E-02   5.139E-02   3.149E-02   2.557E-02   0.000E+00   9.429E-01   8.455E-01   7.406E-01   7.164E-01   6.972E-01   7.060E-01   6.479E-01   6.392E-01   6.115E-01
   8.089   2.658E-01   1.724E-01   8.930E-02   7.423E-02   6.020E-02   5.075E-02   3.164E-02   2.582E-02   0.000E+00   9.231E-01   8.217E-01   7.231E-01   6.984E-01   6.774E-01   6.675E-01   6.211E-01   6.174E-01   5.876E-01
   8.593   2.665E-01   1.723E-01   8.903E-02   7.428E-02   6.026E-02   5.083E-02   3.227E-02   2.497E-02   0.000E+00   9.053E-01   8.027E-01   6.998E-01   6.758E-01   6.576E-01   6.330E-01   5.964E-01   5.940E-01   5.634E-01
   9.090   2.651E-01   1.703E-01   8.762E-02   7.337E-02   5.884E-02   4.977E-02   3.185E-02   2.357E-02   0.000E+00   8.815E-01   7.831E-01   6.858E-01   6.608E-01   6.394E-01   6.196E-01   5.843E-01   5.885E-01   5.587E-01
   9.593   2.634E-01   1.692E-01   8.651E-02   7.232E-02   5.715E-02   4.908E-02   3.097E-02   2.206E-02   0.000E+00   9.378E-01   8.440E-01   7.448E-01   7.198E-01   6.962E-01   6.760E-01   6.381E-01   6.445E-01   6.150E-01
  10.105   2.621E-01   1.683E-01   8.579E-02   7.114E-02   5.585E-02   4.776E-02   2.952E-02   2.027E-02   0.000E+00   9.437E-01   8.482E-01   7.471E-01   7.235E-01   7.011E-01   6.745E-01   6.418E-01   6.511E-01   6.202E-01
  10.590   2.638E-01   1.691E-01   8.647E-02   7.113E-02   5.637E-02   4.836E-02   2.942E-02   2.009E-02   0.000E+00   9.113E-01   8.181E-01   7.192E-01   6.964E-01   6.768E-01   6.420E-01   6.126E-01   6.206E-01   5.889E-01
  11.088   2.619E-01   1.689E-01   8.549E-02   7.050E-02   5.593E-02   4.770E-02   2.786E-02   1.860E-02   0.000E+00   9.110E-01   8.096E-01   7.149E-01   6.908E-01   6.727E-01   6.342E-01   6.058E-01   6.102E-01   5.777E-01
  11.591   2.639E-01   1.690E-01   8.534E-02   6.994E-02   5.512E-02   4.727E-02   2.735E-02   1.838E-02   0.000E+00   9.536E-01   8.369E-01   7.289E-01   7.002E-01   6.781E-01   6.536E-01   6.069E-01   6.059E-01   5.709E-01
  12.089   2.627E-01   1.687E-01   8.469E-02   6.850E-02   5.372E-02   4.629E-02   2.572E-02   1.719E-02   0.000E+00   9.342E-01   8.210E-01   7.145E-01   6.885E-01   6.632E-01   6.458E-01   5.985E-01   5.937E-01   5.578E-01
  12.599   2.626E-01   1.687E-01   8.482E-02   6.807E-02   5.388E-02   4.670E-02   2.523E-02   1.751E-02   0.000E+00   1.009E+00   9.055E-01   7.912E-01   7.586E-01   7.257E-01   7.268E-01   6.598E-01   6.661E-01   6.266E-01
  13.090   2.637E-01   1.690E-01   8.498E-02   6.810E-02   5.415E-02   4.627E-02   2.526E-02   1.793E-02   0.000E+00   9.105E-01   8.061E-01   6.934E-01   6.656E-01   6.354E-01   6.322E-01   5.739E-01   5.708E-01   5.300E-01
  13.604   2.631E-01   1.692E-01   8.445E-02   6.777E-02   5.373E-02   4.639E-02   2.454E-02   1.770E-02   0.000E+00   8.610E-01   7.532E-01   6.416E-01   6.131E-01   5.846E-01   5.893E-01   5.234E-01   5.154E-01   4.758E-01
  14.105   2.638E-01   1.691E-01   8.547E-02   6.845E-02   5.533E-02   4.720E-02   2.443E-02   1.842E-02   0.000E+00   8.628E-01   7.598E-01   6.563E-01   6.225E-01   5.875E-01   6.000E-01   5.282E-01   5.282E-01   4.872E-01
  14.596   2.655E-01   1.702E-01   8.570E-02   6.917E-02   5.506E-02   4.770E-02   2.449E-02   1.902E-02   0.000E+00   8.907E-01   7.836E-01   6.686E-01   6.350E-01   6.036E-01   6.134E-01   5.357E-01   5.275E-01   4.833E-01
  15.106   2.658E-01   1.700E-01   8.648E-02   6.925E-02   5.654E-02   4.799E-02   2.468E-02   2.011E-02   0.000E+00   8.876E-01   7.823E-01   6.768E-01   6.455E-01   6.153E-01   6.216E-01   5.508E-01   5.465E-01   5.013E-01
  15.607   2.656E-01   1.707E-01   8.676E-02   6.995E-02   5.642E-02   4.845E-02   2.466E-02   2.036E-02   0.000E+00   8.855E-01   7.812E-01   6.788E-01   6.481E-01   6.113E-01   6.265E-01   5.551E-01   5.489E-01   5.050E-01
  16.099   2.669E-01   1.715E-01   8.721E-02   7.040E-02   5.654E-02   4.895E-02   2.448E-02   2.120E-02   0.000E+00   8.756E-01   7.750E-01   6.675E-01   6.318E-01   5.917E-01   6.175E-01   5.387E-01   5.347E-01   4.922E-01
  16.591   2.676E-01   1.722E-01   8.769E-02   7.053E-02   5.714E-02   4.823E-02   2.504E-02   2.173E-02   0.000E+00   8.241E-01   7.050E-01   6.097E-01   5.792E-01   5.475E-01   5.470E-01   4.892E-01   4.787E-01   4.340E-01
  17.093   2.681E-01   1.741E-01   8.835E-02   7.178E-02   5.732E-02   4.975E-02   2.548E-02   2.245E-02   0.000E+00   8.038E-01   6.891E-01   5.878E-01   5.609E-01   5.263E-01   5.360E-01   4.639E-01   4.530E-01   4.099E-01
  17.605   2.691E-01   1.744E-01   8.947E-02   7.115E-02   5.694E-02   4.884E-02   2.566E-02   2.288E-02   0.000E+00   7.679E-01   6.517E-01   5.508E-01   5.153E-01   4.822E-01   4.901E-01   4.299E-01   4.168E-01   3.746E-01
  18.099   2.689E-01   1.741E-01   8.854E-02   7.130E-02   5.672E-02   4.890E-02   2.599E-02   2.339E-02   0.000E+00   8.186E-01   7.081E-01   6.036E-01   5.706E-01   5.388E-01   5.527E-01   4.893E-01   4.767E-01   4.340E-01
  18.613   2.700E-01   1.743E-01   8.881E-02   7.218E-02   5.898E-02   5.035E-02   2.689E-02   2.416E-02   0.000E+00   8.857E-01   7.688E-01   6.619E-01   6.299E-01   6.030E-01   6.196E-01   5.505E-01   5.300E-01   4.866E-01
  19.111   2.682E-01   1.740E-01   8.869E-02   7.174E-02   5.820E-02   4.953E-02   2.702E-02   2.413E-02   0.000E+00   8.693E-01   7.472E-01   6.504E-01   6.239E-01   5.990E-01   6.088E-01   5.476E-01   5.207E-01   4.769E-01
  19.605   2.702E-01   1.750E-01   8.840E-02   7.247E-02   5.814E-02   5.016E-02   2.742E-02   2.494E-02   0.000E+00   8.418E-01   7.173E-01   6.159E-01   5.955E-01   5.746E-01   5.842E-01   5.317E-01   4.991E-01   4.572E-01
  20.089   2.697E-01   1.759E-01   8.860E-02   7.237E-02   5.804E-02   5.023E-02   2.769E-02   2.590E-02   0.000E+00   9.019E-01   8.069E-01   6.833E-01   6.399E-01   6.030E-01   6.360E-01   5.736E-01   5.614E-01   5.238E-01
\end_data
