\begin_header
Backscattering file used to find a corresponding Fournier-Forand phase 
function. As described in https://www.oceanopticsbook.info/view/scattering/the-fournier-forand-phase-function
Column headers (depth in m and bb in 1/m):
depth 412	bb440	bb488	bb510	bb532	bb555	bb650	bb676	bb715 
The first data record gives the number of wavelengths and the wavelengths.
\end_header
9	412.0	440.0	488.0	510.0	532.0	555.0	650.0	676.0	715.0
0.00e+00	1.09e-02	1.09e-02	1.09e-02	1.09e-02	1.09e-02	1.09e-02	1.09e-02	1.09e-02	1.09e-02
1.00e-02	1.09e-02	1.09e-02	1.09e-02	1.09e-02	1.09e-02	1.09e-02	1.09e-02	1.09e-02	1.09e-02
2.00e-02	1.09e-02	1.09e-02	1.09e-02	1.09e-02	1.09e-02	1.09e-02	1.09e-02	1.09e-02	1.09e-02
3.00e-02	1.09e-02	1.09e-02	1.09e-02	1.09e-02	1.09e-02	1.09e-02	1.09e-02	1.09e-02	1.09e-02
4.00e-02	1.09e-02	1.09e-02	1.09e-02	1.09e-02	1.09e-02	1.09e-02	1.09e-02	1.09e-02	1.09e-02
5.00e-02	1.09e-02	1.09e-02	1.09e-02	1.09e-02	1.09e-02	1.09e-02	1.09e-02	1.09e-02	1.09e-02
6.00e-02	1.09e-02	1.09e-02	1.09e-02	1.09e-02	1.09e-02	1.09e-02	1.09e-02	1.09e-02	1.09e-02
7.00e-02	1.09e-02	1.09e-02	1.09e-02	1.09e-02	1.09e-02	1.09e-02	1.09e-02	1.09e-02	1.09e-02
8.00e-02	1.09e-02	1.09e-02	1.09e-02	1.09e-02	1.09e-02	1.09e-02	1.09e-02	1.09e-02	1.09e-02
9.00e-02	1.09e-02	1.09e-02	1.09e-02	1.09e-02	1.09e-02	1.09e-02	1.09e-02	1.09e-02	1.09e-02
1.00e-01	4.20e-03	4.20e-03	4.20e-03	4.20e-03	4.20e-03	4.20e-03	4.20e-03	4.20e-03	4.20e-03
1.10e-01	4.20e-03	4.20e-03	4.20e-03	4.20e-03	4.20e-03	4.20e-03	4.20e-03	4.20e-03	4.20e-03
1.20e-01	4.20e-03	4.20e-03	4.20e-03	4.20e-03	4.20e-03	4.20e-03	4.20e-03	4.20e-03	4.20e-03
1.30e-01	4.20e-03	4.20e-03	4.20e-03	4.20e-03	4.20e-03	4.20e-03	4.20e-03	4.20e-03	4.20e-03
1.40e-01	4.20e-03	4.20e-03	4.20e-03	4.20e-03	4.20e-03	4.20e-03	4.20e-03	4.20e-03	4.20e-03
1.50e-01	4.20e-03	4.20e-03	4.20e-03	4.20e-03	4.20e-03	4.20e-03	4.20e-03	4.20e-03	4.20e-03
1.60e-01	4.20e-03	4.20e-03	4.20e-03	4.20e-03	4.20e-03	4.20e-03	4.20e-03	4.20e-03	4.20e-03
1.70e-01	4.20e-03	4.20e-03	4.20e-03	4.20e-03	4.20e-03	4.20e-03	4.20e-03	4.20e-03	4.20e-03
1.80e-01	4.20e-03	4.20e-03	4.20e-03	4.20e-03	4.20e-03	4.20e-03	4.20e-03	4.20e-03	4.20e-03
1.90e-01	4.20e-03	4.20e-03	4.20e-03	4.20e-03	4.20e-03	4.20e-03	4.20e-03	4.20e-03	4.20e-03
2.00e-01	4.20e-03	4.20e-03	4.20e-03	4.20e-03	4.20e-03	4.20e-03	4.20e-03	4.20e-03	4.20e-03
2.10e-01	4.20e-03	4.20e-03	4.20e-03	4.20e-03	4.20e-03	4.20e-03	4.20e-03	4.20e-03	4.20e-03
2.20e-01	4.20e-03	4.20e-03	4.20e-03	4.20e-03	4.20e-03	4.20e-03	4.20e-03	4.20e-03	4.20e-03
2.30e-01	4.20e-03	4.20e-03	4.20e-03	4.20e-03	4.20e-03	4.20e-03	4.20e-03	4.20e-03	4.20e-03
2.40e-01	4.20e-03	4.20e-03	4.20e-03	4.20e-03	4.20e-03	4.20e-03	4.20e-03	4.20e-03	4.20e-03
2.50e-01	4.20e-03	4.20e-03	4.20e-03	4.20e-03	4.20e-03	4.20e-03	4.20e-03	4.20e-03	4.20e-03
2.60e-01	4.20e-03	4.20e-03	4.20e-03	4.20e-03	4.20e-03	4.20e-03	4.20e-03	4.20e-03	4.20e-03
2.70e-01	4.20e-03	4.20e-03	4.20e-03	4.20e-03	4.20e-03	4.20e-03	4.20e-03	4.20e-03	4.20e-03
2.80e-01	4.20e-03	4.20e-03	4.20e-03	4.20e-03	4.20e-03	4.20e-03	4.20e-03	4.20e-03	4.20e-03
2.90e-01	4.20e-03	4.20e-03	4.20e-03	4.20e-03	4.20e-03	4.20e-03	4.20e-03	4.20e-03	4.20e-03
3.00e-01	4.20e-03	4.20e-03	4.20e-03	4.20e-03	4.20e-03	4.20e-03	4.20e-03	4.20e-03	4.20e-03
3.10e-01	4.20e-03	4.20e-03	4.20e-03	4.20e-03	4.20e-03	4.20e-03	4.20e-03	4.20e-03	4.20e-03
3.20e-01	4.20e-03	4.20e-03	4.20e-03	4.20e-03	4.20e-03	4.20e-03	4.20e-03	4.20e-03	4.20e-03
3.30e-01	4.20e-03	4.20e-03	4.20e-03	4.20e-03	4.20e-03	4.20e-03	4.20e-03	4.20e-03	4.20e-03
3.40e-01	4.20e-03	4.20e-03	4.20e-03	4.20e-03	4.20e-03	4.20e-03	4.20e-03	4.20e-03	4.20e-03
3.50e-01	4.20e-03	4.20e-03	4.20e-03	4.20e-03	4.20e-03	4.20e-03	4.20e-03	4.20e-03	4.20e-03
3.60e-01	4.20e-03	4.20e-03	4.20e-03	4.20e-03	4.20e-03	4.20e-03	4.20e-03	4.20e-03	4.20e-03
3.70e-01	4.20e-03	4.20e-03	4.20e-03	4.20e-03	4.20e-03	4.20e-03	4.20e-03	4.20e-03	4.20e-03
3.80e-01	4.20e-03	4.20e-03	4.20e-03	4.20e-03	4.20e-03	4.20e-03	4.20e-03	4.20e-03	4.20e-03
3.90e-01	4.20e-03	4.20e-03	4.20e-03	4.20e-03	4.20e-03	4.20e-03	4.20e-03	4.20e-03	4.20e-03
4.00e-01	4.20e-03	4.20e-03	4.20e-03	4.20e-03	4.20e-03	4.20e-03	4.20e-03	4.20e-03	4.20e-03
4.10e-01	4.20e-03	4.20e-03	4.20e-03	4.20e-03	4.20e-03	4.20e-03	4.20e-03	4.20e-03	4.20e-03
4.20e-01	4.20e-03	4.20e-03	4.20e-03	4.20e-03	4.20e-03	4.20e-03	4.20e-03	4.20e-03	4.20e-03
4.30e-01	4.20e-03	4.20e-03	4.20e-03	4.20e-03	4.20e-03	4.20e-03	4.20e-03	4.20e-03	4.20e-03
4.40e-01	4.20e-03	4.20e-03	4.20e-03	4.20e-03	4.20e-03	4.20e-03	4.20e-03	4.20e-03	4.20e-03
4.50e-01	4.20e-03	4.20e-03	4.20e-03	4.20e-03	4.20e-03	4.20e-03	4.20e-03	4.20e-03	4.20e-03
4.60e-01	4.20e-03	4.20e-03	4.20e-03	4.20e-03	4.20e-03	4.20e-03	4.20e-03	4.20e-03	4.20e-03
4.70e-01	4.20e-03	4.20e-03	4.20e-03	4.20e-03	4.20e-03	4.20e-03	4.20e-03	4.20e-03	4.20e-03
4.80e-01	4.20e-03	4.20e-03	4.20e-03	4.20e-03	4.20e-03	4.20e-03	4.20e-03	4.20e-03	4.20e-03
4.90e-01	4.20e-03	4.20e-03	4.20e-03	4.20e-03	4.20e-03	4.20e-03	4.20e-03	4.20e-03	4.20e-03
5.00e-01	4.20e-03	4.20e-03	4.20e-03	4.20e-03	4.20e-03	4.20e-03	4.20e-03	4.20e-03	4.20e-03
5.10e-01	4.20e-03	4.20e-03	4.20e-03	4.20e-03	4.20e-03	4.20e-03	4.20e-03	4.20e-03	4.20e-03
5.20e-01	4.20e-03	4.20e-03	4.20e-03	4.20e-03	4.20e-03	4.20e-03	4.20e-03	4.20e-03	4.20e-03
5.30e-01	4.20e-03	4.20e-03	4.20e-03	4.20e-03	4.20e-03	4.20e-03	4.20e-03	4.20e-03	4.20e-03
5.40e-01	4.20e-03	4.20e-03	4.20e-03	4.20e-03	4.20e-03	4.20e-03	4.20e-03	4.20e-03	4.20e-03
5.50e-01	4.20e-03	4.20e-03	4.20e-03	4.20e-03	4.20e-03	4.20e-03	4.20e-03	4.20e-03	4.20e-03
5.60e-01	4.20e-03	4.20e-03	4.20e-03	4.20e-03	4.20e-03	4.20e-03	4.20e-03	4.20e-03	4.20e-03
5.70e-01	4.20e-03	4.20e-03	4.20e-03	4.20e-03	4.20e-03	4.20e-03	4.20e-03	4.20e-03	4.20e-03
5.80e-01	4.20e-03	4.20e-03	4.20e-03	4.20e-03	4.20e-03	4.20e-03	4.20e-03	4.20e-03	4.20e-03
5.90e-01	4.20e-03	4.20e-03	4.20e-03	4.20e-03	4.20e-03	4.20e-03	4.20e-03	4.20e-03	4.20e-03
6.00e-01	4.20e-03	4.20e-03	4.20e-03	4.20e-03	4.20e-03	4.20e-03	4.20e-03	4.20e-03	4.20e-03
6.10e-01	4.20e-03	4.20e-03	4.20e-03	4.20e-03	4.20e-03	4.20e-03	4.20e-03	4.20e-03	4.20e-03
6.20e-01	4.20e-03	4.20e-03	4.20e-03	4.20e-03	4.20e-03	4.20e-03	4.20e-03	4.20e-03	4.20e-03
6.30e-01	4.20e-03	4.20e-03	4.20e-03	4.20e-03	4.20e-03	4.20e-03	4.20e-03	4.20e-03	4.20e-03
6.40e-01	4.20e-03	4.20e-03	4.20e-03	4.20e-03	4.20e-03	4.20e-03	4.20e-03	4.20e-03	4.20e-03
6.50e-01	4.20e-03	4.20e-03	4.20e-03	4.20e-03	4.20e-03	4.20e-03	4.20e-03	4.20e-03	4.20e-03
6.60e-01	4.20e-03	4.20e-03	4.20e-03	4.20e-03	4.20e-03	4.20e-03	4.20e-03	4.20e-03	4.20e-03
6.70e-01	4.20e-03	4.20e-03	4.20e-03	4.20e-03	4.20e-03	4.20e-03	4.20e-03	4.20e-03	4.20e-03
6.80e-01	4.20e-03	4.20e-03	4.20e-03	4.20e-03	4.20e-03	4.20e-03	4.20e-03	4.20e-03	4.20e-03
6.90e-01	4.20e-03	4.20e-03	4.20e-03	4.20e-03	4.20e-03	4.20e-03	4.20e-03	4.20e-03	4.20e-03
7.00e-01	4.20e-03	4.20e-03	4.20e-03	4.20e-03	4.20e-03	4.20e-03	4.20e-03	4.20e-03	4.20e-03
7.10e-01	4.20e-03	4.20e-03	4.20e-03	4.20e-03	4.20e-03	4.20e-03	4.20e-03	4.20e-03	4.20e-03
7.20e-01	4.20e-03	4.20e-03	4.20e-03	4.20e-03	4.20e-03	4.20e-03	4.20e-03	4.20e-03	4.20e-03
7.30e-01	4.20e-03	4.20e-03	4.20e-03	4.20e-03	4.20e-03	4.20e-03	4.20e-03	4.20e-03	4.20e-03
7.40e-01	4.20e-03	4.20e-03	4.20e-03	4.20e-03	4.20e-03	4.20e-03	4.20e-03	4.20e-03	4.20e-03
7.50e-01	4.20e-03	4.20e-03	4.20e-03	4.20e-03	4.20e-03	4.20e-03	4.20e-03	4.20e-03	4.20e-03
7.60e-01	4.20e-03	4.20e-03	4.20e-03	4.20e-03	4.20e-03	4.20e-03	4.20e-03	4.20e-03	4.20e-03
7.70e-01	4.20e-03	4.20e-03	4.20e-03	4.20e-03	4.20e-03	4.20e-03	4.20e-03	4.20e-03	4.20e-03
7.80e-01	4.20e-03	4.20e-03	4.20e-03	4.20e-03	4.20e-03	4.20e-03	4.20e-03	4.20e-03	4.20e-03
7.90e-01	4.20e-03	4.20e-03	4.20e-03	4.20e-03	4.20e-03	4.20e-03	4.20e-03	4.20e-03	4.20e-03
8.00e-01	4.20e-03	4.20e-03	4.20e-03	4.20e-03	4.20e-03	4.20e-03	4.20e-03	4.20e-03	4.20e-03
8.10e-01	4.20e-03	4.20e-03	4.20e-03	4.20e-03	4.20e-03	4.20e-03	4.20e-03	4.20e-03	4.20e-03
8.20e-01	4.20e-03	4.20e-03	4.20e-03	4.20e-03	4.20e-03	4.20e-03	4.20e-03	4.20e-03	4.20e-03
8.30e-01	4.20e-03	4.20e-03	4.20e-03	4.20e-03	4.20e-03	4.20e-03	4.20e-03	4.20e-03	4.20e-03
8.40e-01	4.20e-03	4.20e-03	4.20e-03	4.20e-03	4.20e-03	4.20e-03	4.20e-03	4.20e-03	4.20e-03
8.50e-01	4.20e-03	4.20e-03	4.20e-03	4.20e-03	4.20e-03	4.20e-03	4.20e-03	4.20e-03	4.20e-03
8.60e-01	4.20e-03	4.20e-03	4.20e-03	4.20e-03	4.20e-03	4.20e-03	4.20e-03	4.20e-03	4.20e-03
8.70e-01	4.20e-03	4.20e-03	4.20e-03	4.20e-03	4.20e-03	4.20e-03	4.20e-03	4.20e-03	4.20e-03
8.80e-01	4.20e-03	4.20e-03	4.20e-03	4.20e-03	4.20e-03	4.20e-03	4.20e-03	4.20e-03	4.20e-03
8.90e-01	4.20e-03	4.20e-03	4.20e-03	4.20e-03	4.20e-03	4.20e-03	4.20e-03	4.20e-03	4.20e-03
9.00e-01	4.20e-03	4.20e-03	4.20e-03	4.20e-03	4.20e-03	4.20e-03	4.20e-03	4.20e-03	4.20e-03
9.10e-01	4.20e-03	4.20e-03	4.20e-03	4.20e-03	4.20e-03	4.20e-03	4.20e-03	4.20e-03	4.20e-03
9.20e-01	4.20e-03	4.20e-03	4.20e-03	4.20e-03	4.20e-03	4.20e-03	4.20e-03	4.20e-03	4.20e-03
9.30e-01	4.20e-03	4.20e-03	4.20e-03	4.20e-03	4.20e-03	4.20e-03	4.20e-03	4.20e-03	4.20e-03
9.40e-01	4.20e-03	4.20e-03	4.20e-03	4.20e-03	4.20e-03	4.20e-03	4.20e-03	4.20e-03	4.20e-03
9.50e-01	4.20e-03	4.20e-03	4.20e-03	4.20e-03	4.20e-03	4.20e-03	4.20e-03	4.20e-03	4.20e-03
9.60e-01	4.20e-03	4.20e-03	4.20e-03	4.20e-03	4.20e-03	4.20e-03	4.20e-03	4.20e-03	4.20e-03
9.70e-01	4.20e-03	4.20e-03	4.20e-03	4.20e-03	4.20e-03	4.20e-03	4.20e-03	4.20e-03	4.20e-03
9.80e-01	4.20e-03	4.20e-03	4.20e-03	4.20e-03	4.20e-03	4.20e-03	4.20e-03	4.20e-03	4.20e-03
9.90e-01	4.20e-03	4.20e-03	4.20e-03	4.20e-03	4.20e-03	4.20e-03	4.20e-03	4.20e-03	4.20e-03
1.00e+00	4.20e-03	4.20e-03	4.20e-03	4.20e-03	4.20e-03	4.20e-03	4.20e-03	4.20e-03	4.20e-03
1.01e+00	4.20e-03	4.20e-03	4.20e-03	4.20e-03	4.20e-03	4.20e-03	4.20e-03	4.20e-03	4.20e-03
1.02e+00	4.20e-03	4.20e-03	4.20e-03	4.20e-03	4.20e-03	4.20e-03	4.20e-03	4.20e-03	4.20e-03
1.03e+00	4.20e-03	4.20e-03	4.20e-03	4.20e-03	4.20e-03	4.20e-03	4.20e-03	4.20e-03	4.20e-03
1.04e+00	4.20e-03	4.20e-03	4.20e-03	4.20e-03	4.20e-03	4.20e-03	4.20e-03	4.20e-03	4.20e-03
1.05e+00	4.20e-03	4.20e-03	4.20e-03	4.20e-03	4.20e-03	4.20e-03	4.20e-03	4.20e-03	4.20e-03
1.06e+00	4.20e-03	4.20e-03	4.20e-03	4.20e-03	4.20e-03	4.20e-03	4.20e-03	4.20e-03	4.20e-03
1.07e+00	4.20e-03	4.20e-03	4.20e-03	4.20e-03	4.20e-03	4.20e-03	4.20e-03	4.20e-03	4.20e-03
1.08e+00	4.20e-03	4.20e-03	4.20e-03	4.20e-03	4.20e-03	4.20e-03	4.20e-03	4.20e-03	4.20e-03
1.09e+00	4.20e-03	4.20e-03	4.20e-03	4.20e-03	4.20e-03	4.20e-03	4.20e-03	4.20e-03	4.20e-03
1.10e+00	4.20e-03	4.20e-03	4.20e-03	4.20e-03	4.20e-03	4.20e-03	4.20e-03	4.20e-03	4.20e-03
1.11e+00	4.20e-03	4.20e-03	4.20e-03	4.20e-03	4.20e-03	4.20e-03	4.20e-03	4.20e-03	4.20e-03
1.12e+00	4.20e-03	4.20e-03	4.20e-03	4.20e-03	4.20e-03	4.20e-03	4.20e-03	4.20e-03	4.20e-03
1.13e+00	4.20e-03	4.20e-03	4.20e-03	4.20e-03	4.20e-03	4.20e-03	4.20e-03	4.20e-03	4.20e-03
1.14e+00	4.20e-03	4.20e-03	4.20e-03	4.20e-03	4.20e-03	4.20e-03	4.20e-03	4.20e-03	4.20e-03
1.15e+00	4.20e-03	4.20e-03	4.20e-03	4.20e-03	4.20e-03	4.20e-03	4.20e-03	4.20e-03	4.20e-03
1.16e+00	4.20e-03	4.20e-03	4.20e-03	4.20e-03	4.20e-03	4.20e-03	4.20e-03	4.20e-03	4.20e-03
1.17e+00	4.20e-03	4.20e-03	4.20e-03	4.20e-03	4.20e-03	4.20e-03	4.20e-03	4.20e-03	4.20e-03
1.18e+00	4.20e-03	4.20e-03	4.20e-03	4.20e-03	4.20e-03	4.20e-03	4.20e-03	4.20e-03	4.20e-03
1.19e+00	4.20e-03	4.20e-03	4.20e-03	4.20e-03	4.20e-03	4.20e-03	4.20e-03	4.20e-03	4.20e-03
1.20e+00	4.20e-03	4.20e-03	4.20e-03	4.20e-03	4.20e-03	4.20e-03	4.20e-03	4.20e-03	4.20e-03
1.21e+00	4.20e-03	4.20e-03	4.20e-03	4.20e-03	4.20e-03	4.20e-03	4.20e-03	4.20e-03	4.20e-03
1.22e+00	4.20e-03	4.20e-03	4.20e-03	4.20e-03	4.20e-03	4.20e-03	4.20e-03	4.20e-03	4.20e-03
1.23e+00	4.20e-03	4.20e-03	4.20e-03	4.20e-03	4.20e-03	4.20e-03	4.20e-03	4.20e-03	4.20e-03
1.24e+00	4.20e-03	4.20e-03	4.20e-03	4.20e-03	4.20e-03	4.20e-03	4.20e-03	4.20e-03	4.20e-03
1.25e+00	4.20e-03	4.20e-03	4.20e-03	4.20e-03	4.20e-03	4.20e-03	4.20e-03	4.20e-03	4.20e-03
1.26e+00	4.20e-03	4.20e-03	4.20e-03	4.20e-03	4.20e-03	4.20e-03	4.20e-03	4.20e-03	4.20e-03
1.27e+00	4.20e-03	4.20e-03	4.20e-03	4.20e-03	4.20e-03	4.20e-03	4.20e-03	4.20e-03	4.20e-03
1.28e+00	4.20e-03	4.20e-03	4.20e-03	4.20e-03	4.20e-03	4.20e-03	4.20e-03	4.20e-03	4.20e-03
1.29e+00	4.20e-03	4.20e-03	4.20e-03	4.20e-03	4.20e-03	4.20e-03	4.20e-03	4.20e-03	4.20e-03
1.30e+00	4.20e-03	4.20e-03	4.20e-03	4.20e-03	4.20e-03	4.20e-03	4.20e-03	4.20e-03	4.20e-03
1.31e+00	4.20e-03	4.20e-03	4.20e-03	4.20e-03	4.20e-03	4.20e-03	4.20e-03	4.20e-03	4.20e-03
1.32e+00	4.20e-03	4.20e-03	4.20e-03	4.20e-03	4.20e-03	4.20e-03	4.20e-03	4.20e-03	4.20e-03
1.33e+00	4.20e-03	4.20e-03	4.20e-03	4.20e-03	4.20e-03	4.20e-03	4.20e-03	4.20e-03	4.20e-03
1.34e+00	4.20e-03	4.20e-03	4.20e-03	4.20e-03	4.20e-03	4.20e-03	4.20e-03	4.20e-03	4.20e-03
1.35e+00	4.20e-03	4.20e-03	4.20e-03	4.20e-03	4.20e-03	4.20e-03	4.20e-03	4.20e-03	4.20e-03
1.36e+00	4.20e-03	4.20e-03	4.20e-03	4.20e-03	4.20e-03	4.20e-03	4.20e-03	4.20e-03	4.20e-03
1.37e+00	4.20e-03	4.20e-03	4.20e-03	4.20e-03	4.20e-03	4.20e-03	4.20e-03	4.20e-03	4.20e-03
1.38e+00	4.20e-03	4.20e-03	4.20e-03	4.20e-03	4.20e-03	4.20e-03	4.20e-03	4.20e-03	4.20e-03
1.39e+00	4.20e-03	4.20e-03	4.20e-03	4.20e-03	4.20e-03	4.20e-03	4.20e-03	4.20e-03	4.20e-03
1.40e+00	4.20e-03	4.20e-03	4.20e-03	4.20e-03	4.20e-03	4.20e-03	4.20e-03	4.20e-03	4.20e-03
1.41e+00	4.20e-03	4.20e-03	4.20e-03	4.20e-03	4.20e-03	4.20e-03	4.20e-03	4.20e-03	4.20e-03
1.42e+00	4.20e-03	4.20e-03	4.20e-03	4.20e-03	4.20e-03	4.20e-03	4.20e-03	4.20e-03	4.20e-03
1.43e+00	4.20e-03	4.20e-03	4.20e-03	4.20e-03	4.20e-03	4.20e-03	4.20e-03	4.20e-03	4.20e-03
1.44e+00	4.20e-03	4.20e-03	4.20e-03	4.20e-03	4.20e-03	4.20e-03	4.20e-03	4.20e-03	4.20e-03
1.45e+00	4.20e-03	4.20e-03	4.20e-03	4.20e-03	4.20e-03	4.20e-03	4.20e-03	4.20e-03	4.20e-03
1.46e+00	4.20e-03	4.20e-03	4.20e-03	4.20e-03	4.20e-03	4.20e-03	4.20e-03	4.20e-03	4.20e-03
1.47e+00	4.20e-03	4.20e-03	4.20e-03	4.20e-03	4.20e-03	4.20e-03	4.20e-03	4.20e-03	4.20e-03
1.48e+00	4.20e-03	4.20e-03	4.20e-03	4.20e-03	4.20e-03	4.20e-03	4.20e-03	4.20e-03	4.20e-03
1.49e+00	4.20e-03	4.20e-03	4.20e-03	4.20e-03	4.20e-03	4.20e-03	4.20e-03	4.20e-03	4.20e-03
1.50e+00	4.20e-03	4.20e-03	4.20e-03	4.20e-03	4.20e-03	4.20e-03	4.20e-03	4.20e-03	4.20e-03
1.51e+00	4.20e-03	4.20e-03	4.20e-03	4.20e-03	4.20e-03	4.20e-03	4.20e-03	4.20e-03	4.20e-03
1.52e+00	4.20e-03	4.20e-03	4.20e-03	4.20e-03	4.20e-03	4.20e-03	4.20e-03	4.20e-03	4.20e-03
1.53e+00	4.20e-03	4.20e-03	4.20e-03	4.20e-03	4.20e-03	4.20e-03	4.20e-03	4.20e-03	4.20e-03
1.54e+00	4.20e-03	4.20e-03	4.20e-03	4.20e-03	4.20e-03	4.20e-03	4.20e-03	4.20e-03	4.20e-03
1.55e+00	4.20e-03	4.20e-03	4.20e-03	4.20e-03	4.20e-03	4.20e-03	4.20e-03	4.20e-03	4.20e-03
1.56e+00	4.20e-03	4.20e-03	4.20e-03	4.20e-03	4.20e-03	4.20e-03	4.20e-03	4.20e-03	4.20e-03
1.57e+00	4.20e-03	4.20e-03	4.20e-03	4.20e-03	4.20e-03	4.20e-03	4.20e-03	4.20e-03	4.20e-03
1.58e+00	4.20e-03	4.20e-03	4.20e-03	4.20e-03	4.20e-03	4.20e-03	4.20e-03	4.20e-03	4.20e-03
1.59e+00	4.20e-03	4.20e-03	4.20e-03	4.20e-03	4.20e-03	4.20e-03	4.20e-03	4.20e-03	4.20e-03
1.60e+00	4.20e-03	4.20e-03	4.20e-03	4.20e-03	4.20e-03	4.20e-03	4.20e-03	4.20e-03	4.20e-03
1.61e+00	4.20e-03	4.20e-03	4.20e-03	4.20e-03	4.20e-03	4.20e-03	4.20e-03	4.20e-03	4.20e-03
1.62e+00	4.20e-03	4.20e-03	4.20e-03	4.20e-03	4.20e-03	4.20e-03	4.20e-03	4.20e-03	4.20e-03
1.63e+00	4.20e-03	4.20e-03	4.20e-03	4.20e-03	4.20e-03	4.20e-03	4.20e-03	4.20e-03	4.20e-03
1.64e+00	4.20e-03	4.20e-03	4.20e-03	4.20e-03	4.20e-03	4.20e-03	4.20e-03	4.20e-03	4.20e-03
1.65e+00	4.20e-03	4.20e-03	4.20e-03	4.20e-03	4.20e-03	4.20e-03	4.20e-03	4.20e-03	4.20e-03
1.66e+00	4.20e-03	4.20e-03	4.20e-03	4.20e-03	4.20e-03	4.20e-03	4.20e-03	4.20e-03	4.20e-03
1.67e+00	4.20e-03	4.20e-03	4.20e-03	4.20e-03	4.20e-03	4.20e-03	4.20e-03	4.20e-03	4.20e-03
1.68e+00	4.20e-03	4.20e-03	4.20e-03	4.20e-03	4.20e-03	4.20e-03	4.20e-03	4.20e-03	4.20e-03
1.69e+00	4.20e-03	4.20e-03	4.20e-03	4.20e-03	4.20e-03	4.20e-03	4.20e-03	4.20e-03	4.20e-03
1.70e+00	4.20e-03	4.20e-03	4.20e-03	4.20e-03	4.20e-03	4.20e-03	4.20e-03	4.20e-03	4.20e-03
1.71e+00	4.20e-03	4.20e-03	4.20e-03	4.20e-03	4.20e-03	4.20e-03	4.20e-03	4.20e-03	4.20e-03
1.72e+00	4.20e-03	4.20e-03	4.20e-03	4.20e-03	4.20e-03	4.20e-03	4.20e-03	4.20e-03	4.20e-03
1.73e+00	4.20e-03	4.20e-03	4.20e-03	4.20e-03	4.20e-03	4.20e-03	4.20e-03	4.20e-03	4.20e-03
1.74e+00	5.00e-03	5.00e-03	5.00e-03	5.00e-03	5.00e-03	5.00e-03	5.00e-03	5.00e-03	5.00e-03
1.75e+00	5.00e-03	5.00e-03	5.00e-03	5.00e-03	5.00e-03	5.00e-03	5.00e-03	5.00e-03	5.00e-03
1.76e+00	5.00e-03	5.00e-03	5.00e-03	5.00e-03	5.00e-03	5.00e-03	5.00e-03	5.00e-03	5.00e-03
1.77e+00	5.00e-03	5.00e-03	5.00e-03	5.00e-03	5.00e-03	5.00e-03	5.00e-03	5.00e-03	5.00e-03
1.78e+00	5.00e-03	5.00e-03	5.00e-03	5.00e-03	5.00e-03	5.00e-03	5.00e-03	5.00e-03	5.00e-03
1.79e+00	5.00e-03	5.00e-03	5.00e-03	5.00e-03	5.00e-03	5.00e-03	5.00e-03	5.00e-03	5.00e-03
1.80e+00	5.00e-03	5.00e-03	5.00e-03	5.00e-03	5.00e-03	5.00e-03	5.00e-03	5.00e-03	5.00e-03
1.81e+00	5.00e-03	5.00e-03	5.00e-03	5.00e-03	5.00e-03	5.00e-03	5.00e-03	5.00e-03	5.00e-03
1.82e+00	5.00e-03	5.00e-03	5.00e-03	5.00e-03	5.00e-03	5.00e-03	5.00e-03	5.00e-03	5.00e-03
1.83e+00	5.00e-03	5.00e-03	5.00e-03	5.00e-03	5.00e-03	5.00e-03	5.00e-03	5.00e-03	5.00e-03
1.84e+00	5.00e-03	5.00e-03	5.00e-03	5.00e-03	5.00e-03	5.00e-03	5.00e-03	5.00e-03	5.00e-03
1.85e+00	5.00e-03	5.00e-03	5.00e-03	5.00e-03	5.00e-03	5.00e-03	5.00e-03	5.00e-03	5.00e-03
1.86e+00	5.00e-03	5.00e-03	5.00e-03	5.00e-03	5.00e-03	5.00e-03	5.00e-03	5.00e-03	5.00e-03
1.87e+00	5.00e-03	5.00e-03	5.00e-03	5.00e-03	5.00e-03	5.00e-03	5.00e-03	5.00e-03	5.00e-03
1.88e+00	5.00e-03	5.00e-03	5.00e-03	5.00e-03	5.00e-03	5.00e-03	5.00e-03	5.00e-03	5.00e-03
1.89e+00	5.00e-03	5.00e-03	5.00e-03	5.00e-03	5.00e-03	5.00e-03	5.00e-03	5.00e-03	5.00e-03
1.90e+00	5.00e-03	5.00e-03	5.00e-03	5.00e-03	5.00e-03	5.00e-03	5.00e-03	5.00e-03	5.00e-03
1.91e+00	5.00e-03	5.00e-03	5.00e-03	5.00e-03	5.00e-03	5.00e-03	5.00e-03	5.00e-03	5.00e-03
1.92e+00	5.00e-03	5.00e-03	5.00e-03	5.00e-03	5.00e-03	5.00e-03	5.00e-03	5.00e-03	5.00e-03
1.93e+00	5.00e-03	5.00e-03	5.00e-03	5.00e-03	5.00e-03	5.00e-03	5.00e-03	5.00e-03	5.00e-03
1.94e+00	5.00e-03	5.00e-03	5.00e-03	5.00e-03	5.00e-03	5.00e-03	5.00e-03	5.00e-03	5.00e-03
1.95e+00	5.00e-03	5.00e-03	5.00e-03	5.00e-03	5.00e-03	5.00e-03	5.00e-03	5.00e-03	5.00e-03
1.96e+00	5.00e-03	5.00e-03	5.00e-03	5.00e-03	5.00e-03	5.00e-03	5.00e-03	5.00e-03	5.00e-03
1.97e+00	5.00e-03	5.00e-03	5.00e-03	5.00e-03	5.00e-03	5.00e-03	5.00e-03	5.00e-03	5.00e-03
1.98e+00	5.00e-03	5.00e-03	5.00e-03	5.00e-03	5.00e-03	5.00e-03	5.00e-03	5.00e-03	5.00e-03
1.99e+00	5.00e-03	5.00e-03	5.00e-03	5.00e-03	5.00e-03	5.00e-03	5.00e-03	5.00e-03	5.00e-03
2.00e+00	5.00e-03	5.00e-03	5.00e-03	5.00e-03	5.00e-03	5.00e-03	5.00e-03	5.00e-03	5.00e-03
\end_data